1 0.216564 0.316429 0.0589616 0.219045
1 0.319169 0.305094 0.0682629 0.237298
1 0.35359 0.526566 0.0479472 0.236796
1 0.769347 0.270752 0.060038 0.234838
1 0.26535 0.527787 0.0767544 0.233624
1 0.743658 0.49782 0.0650694 0.247141
1 0.3636 0.288785 0.0518633 0.220828
1 0.639556 0.511913 0.0477888 0.240575
1 0.718634 0.272924 0.0623026 0.227507
1 0.685833 0.503544 0.0578596 0.257394
1 0.266122 0.295989 0.0543674 0.221659
1 0.636375 0.262155 0.0449283 0.25034
1 0.60282 0.520772 0.0421176 0.258015
1 0.573359 0.533132 0.0487857 0.270643
1 0.208474 0.518126 0.0700974 0.195685
1 0.388763 0.53316 0.043127 0.277481
1 0.423874 0.529399 0.0462583 0.275852
1 0.538601 0.506713 0.0378208 0.259169
1 0.432415 0.251807 0.0463908 0.258776
1 0.799788 0.471426 0.0641859 0.182048
1 0.399593 0.286944 0.0483159 0.206282
1 0.456841 0.505697 0.0381843 0.252151
1 0.485034 0.52297 0.0345989 0.302626
1 0.56255 0.241615 0.0434874 0.271513
1 0.512 0.495941 0.0296516 0.243048
