1 0.76344 0.3085 0.0615438 0.274167
1 0.410491 0.303517 0.0477955 0.258563
1 0.306723 0.340311 0.064748 0.288412
1 0.348017 0.337008 0.0406238 0.229783
1 0.748266 0.57117 0.0778466 0.281317
1 0.560185 0.281991 0.0384174 0.252446
1 0.597867 0.295479 0.0481924 0.265612
1 0.601707 0.561122 0.0427742 0.272158
1 0.391963 0.574628 0.0480411 0.275986
1 0.801132 0.561423 0.0626164 0.250819
1 0.425955 0.559711 0.0455166 0.283146
1 0.484528 0.558784 0.0341047 0.274324
1 0.666833 0.323558 0.0422449 0.247054
1 0.379177 0.311961 0.0318842 0.250488
1 0.506831 0.55181 0.0309835 0.27964
1 0.263681 0.583085 0.0791524 0.280103
1 0.566815 0.554328 0.0420129 0.281841
1 0.534776 0.555554 0.0341128 0.286685
1 0.457077 0.543166 0.0393139 0.254489
1 0.523911 0.291036 0.0447195 0.253073
1 0.444149 0.299969 0.0360048 0.246999
1 0.357719 0.593412 0.0451363 0.276321
1 0.472101 0.281822 0.0321304 0.283092
1 0.686797 0.59982 0.0622583 0.279444
1 0.634584 0.35483 0.0378734 0.161287
