1 0.793255 0.407927 0.0604908 0.161814
1 0.702849 0.389358 0.0694102 0.19852
1 0.683619 0.594821 0.0681393 0.204058
1 0.285719 0.627068 0.0725981 0.222585
1 0.309922 0.420557 0.0733295 0.197598
1 0.594752 0.3855 0.0437799 0.220243
1 0.221573 0.584417 0.0810931 0.180447
1 0.530951 0.396457 0.0468845 0.193293
1 0.745965 0.412993 0.0523985 0.16742
1 0.345373 0.626855 0.0667544 0.228055
1 0.564455 0.389013 0.0384022 0.19842
1 0.606039 0.590131 0.037499 0.201205
1 0.45412 0.400377 0.0408599 0.183007
1 0.489359 0.392443 0.0463718 0.209275
1 0.638757 0.596606 0.039894 0.212813
1 0.551569 0.596884 0.0304452 0.215843
1 0.729691 0.581248 0.0573522 0.171824
1 0.213298 0.413459 0.0644855 0.160633
1 0.579518 0.595266 0.038566 0.216838
1 0.391575 0.616072 0.0406509 0.221217
1 0.661172 0.403547 0.0475557 0.163085
1 0.527583 0.605292 0.030587 0.221742
1 0.263637 0.451332 0.0562286 0.137063
1 0.419459 0.402856 0.0488192 0.195751
1 0.352057 0.412776 0.0572889 0.186039
1 0.505747 0.610576 0.0315952 0.217348
1 0.452292 0.604438 0.0394712 0.200022
1 0.479779 0.591489 0.0369556 0.179757
1 0.422562 0.604433 0.040627 0.197285
