1 0.370066 0.343119 0.0450115 0.248984
1 0.39776 0.571432 0.0452033 0.268607
1 0.746972 0.513203 0.0634242 0.239102
1 0.621884 0.574741 0.0351946 0.259691
1 0.653434 0.570817 0.0377304 0.245469
1 0.591321 0.585113 0.0361545 0.294333
1 0.638727 0.341626 0.0423878 0.228157
1 0.43403 0.569272 0.0423558 0.250296
1 0.537535 0.55752 0.0285423 0.24419
1 0.440834 0.339107 0.0479173 0.218477
1 0.563389 0.561234 0.030435 0.24242
1 0.576563 0.323298 0.0363476 0.221287
1 0.514551 0.566952 0.0328296 0.265685
1 0.492133 0.517572 0.0349413 0.392226
1 0.513383 0.499621 0.0376282 0.395731
