1 0.268054 0.557987 0.0665886 0.265397
1 0.724222 0.537514 0.0706643 0.262704
1 0.219016 0.520403 0.0645792 0.228689
1 0.399504 0.379143 0.0451542 0.224981
1 0.257231 0.36496 0.0533046 0.233039
1 0.474661 0.551584 0.0275598 0.23569
1 0.728268 0.339591 0.0562332 0.224213
1 0.393948 0.58007 0.033753 0.254949
1 0.370075 0.38293 0.0392837 0.212071
1 0.619361 0.56047 0.0451738 0.26976
1 0.424167 0.583953 0.034334 0.261418
1 0.363158 0.58426 0.0401132 0.26915
1 0.450579 0.568983 0.0308571 0.250225
1 0.314864 0.574649 0.0634361 0.243202
1 0.675863 0.356913 0.0587578 0.257974
1 0.585117 0.552268 0.0417705 0.237373
1 0.524125 0.549167 0.0303291 0.239268
1 0.498386 0.548041 0.0267209 0.232861
1 0.552522 0.566347 0.038336 0.268236
1 0.672353 0.553583 0.0764819 0.239556
1 0.343962 0.376061 0.0321267 0.213021
