1 0.570519 0.304314 0.0466191 0.318731
1 0.710504 0.51806 0.0745678 0.255314
1 0.536554 0.305484 0.0361011 0.286629
1 0.781961 0.313649 0.0588934 0.242748
1 0.769964 0.51577 0.0770139 0.242177
1 0.552842 0.56169 0.0377621 0.262437
1 0.435864 0.321758 0.0338912 0.250565
1 0.58253 0.560335 0.0352091 0.250477
1 0.34555 0.328274 0.0463796 0.326214
1 0.462564 0.324821 0.0345758 0.267809
1 0.404271 0.309343 0.0409008 0.31272
1 0.613255 0.56316 0.0362047 0.259893
1 0.216742 0.275284 0.0520771 0.245259
1 0.431009 0.56455 0.0330346 0.267367
1 0.263088 0.288971 0.0551723 0.260958
1 0.658154 0.539528 0.0669783 0.253785
1 0.374128 0.305259 0.03989 0.290555
1 0.523421 0.544774 0.031362 0.222079
1 0.4533 0.56149 0.0253727 0.230307
1 0.604466 0.320657 0.0421266 0.265578
1 0.637691 0.334598 0.0426345 0.25838
1 0.496694 0.306515 0.0468832 0.287709
1 0.241978 0.487163 0.0806979 0.224643
1 0.473587 0.54612 0.0248715 0.196
