1 0.749402 0.322528 0.0578197 0.229196
1 0.259618 0.564954 0.0763658 0.253111
1 0.743707 0.552742 0.0837723 0.25752
1 0.686598 0.575736 0.0770798 0.265192
1 0.399548 0.348828 0.0441466 0.267729
1 0.432843 0.356599 0.0365126 0.258125
1 0.359322 0.592327 0.0448025 0.257268
1 0.637028 0.593083 0.0481396 0.240804
1 0.246609 0.333302 0.0522046 0.226486
1 0.695965 0.345727 0.0586502 0.240337
1 0.312316 0.581139 0.0633562 0.254087
1 0.296936 0.34697 0.0557601 0.249115
1 0.51164 0.349523 0.0487728 0.279133
1 0.54934 0.347838 0.040028 0.256814
1 0.567656 0.602565 0.04111 0.265521
1 0.395023 0.587883 0.0419136 0.237336
1 0.46916 0.348267 0.0472281 0.281273
1 0.651417 0.352247 0.0435437 0.24652
1 0.460057 0.594033 0.033175 0.246093
1 0.536445 0.576847 0.0310372 0.216448
1 0.427789 0.594989 0.0408921 0.239183
1 0.338208 0.34892 0.0402755 0.241401
1 0.584434 0.348539 0.044761 0.241502
1 0.601569 0.578438 0.0401802 0.216143
1 0.368806 0.363821 0.0387517 0.228814
1 0.620195 0.368725 0.035984 0.202007
1 0.485292 0.576651 0.0285872 0.216551
1 0.510561 0.568375 0.0283041 0.202559
